Data;Pressao;Umidade;Temperatura1;Temperatura2;Precipitaçao
2021-07-26 00:08:29.180671;932.7861401173061;61.0;19.0;19.91;0.2
2021-07-26 00:23:29.180639;932.83469337536;61.0;19.0;19.88;0.2
2021-07-26 00:38:31.709080;932.7241206631605;61.0;19.0;19.87;0.2
2021-07-26 00:53:29.177535;932.6592694803256;63.0;19.0;19.96;1.2
2021-07-26 01:08:29.180058;932.6579130413357;60.0;19.0;19.85;1.2
2021-07-26 01:23:29.180814;932.679339004241;61.0;19.0;19.67;1.2
2021-07-26 01:38:31.708481;932.5692700168572;61.0;19.0;19.63;1.2
2021-07-26 01:53:29.180121;932.3708616254744;63.0;19.0;19.55;1.2
2021-07-26 02:08:29.180572;932.3075625178573;61.0;19.0;19.52;1.2
2021-07-26 02:23:29.179865;932.2036364050598;61.0;19.0;19.5;1.2
2021-07-26 02:38:29.180280;932.0534494466046;61.0;19.0;19.44;1.2
2021-07-26 02:53:29.180579;932.0057505299629;62.0;19.0;19.4;1.2
2021-07-26 03:08:29.180587;931.8853010580799;61.0;18.0;19.35;1.2
2021-07-26 03:23:29.180607;931.7504019120747;61.0;18.0;19.33;1.2
2021-07-26 03:38:31.708785;931.6132677678289;61.0;18.0;19.27;1.2
2021-07-26 03:53:29.180408;931.608136360383;64.0;18.0;19.25;1.2
2021-07-26 04:08:29.180768;931.5514554091528;61.0;18.0;19.21;1.2
2021-07-26 04:23:29.180521;931.5179003733849;61.0;18.0;19.18;1.2
2021-07-26 04:38:29.180070;931.617103622007;61.0;18.0;19.16;1.2
2021-07-26 04:53:29.179776;931.6124259233412;61.0;18.0;19.12;1.2
2021-07-26 05:08:29.180699;931.693008869126;61.0;18.0;19.1;1.2
2021-07-26 05:23:29.180619;931.7584736733418;61.0;18.0;19.08;1.2
2021-07-26 05:38:29.181513;931.6704753426031;61.0;18.0;19.04;1.2
2021-07-26 05:53:29.178382;931.7357561763566;61.0;18.0;18.99;1.2
2021-07-26 06:08:29.178872;931.9130334706797;60.0;18.0;18.94;1.2
2021-07-26 06:23:29.180592;932.0664789461814;60.0;18.0;18.96;1.2
2021-07-26 06:38:29.180659;932.1889852467734;60.0;18.0;18.9;1.2
2021-07-26 06:53:29.180485;932.2762725044465;60.0;18.0;18.9;1.2
2021-07-26 07:08:29.180684;932.629584606807;60.0;18.0;18.94;1.2
2021-07-26 07:23:29.179673;932.7455957599586;60.0;18.0;19.17;1.2
2021-07-26 07:38:29.181037;932.9517039257962;62.0;18.0;19.39;1.2
2021-07-26 07:53:29.180664;933.1764823257915;61.0;18.0;19.54;1.2
2021-07-26 08:08:29.180740;933.3052731854835;61.0;19.0;19.43;1.2
2021-07-26 08:23:29.180584;933.4291377942222;61.0;18.0;19.37;1.2
2021-07-26 08:38:29.180780;933.5361536140783;61.0;18.0;19.33;1.2
2021-07-26 08:53:29.180511;933.6584172239144;60.0;18.0;19.35;1.2
2021-07-26 09:08:29.181123;933.6626918889518;60.0;18.0;19.44;1.2
2021-07-26 09:23:29.180332;933.7035366236906;61.0;19.0;19.52;1.2
2021-07-26 09:38:29.179974;933.5986606147073;60.0;19.0;19.62;1.2
2021-07-26 09:53:29.180562;933.4630971753071;59.0;19.0;19.65;1.2
2021-07-26 10:08:29.179729;933.3443757959873;59.0;19.0;19.66;1.2
2021-07-26 10:23:29.180527;933.3143632156978;59.0;19.0;19.71;1.2
2021-07-26 10:38:29.180702;933.1462945056352;57.0;19.0;19.72;1.2
2021-07-26 10:53:29.179803;932.9420508175256;57.0;19.0;19.73;1.2
2021-07-26 11:08:29.180342;932.666946690327;58.0;19.0;19.76;1.2
2021-07-26 11:23:29.180664;932.5740533241992;58.0;19.0;19.79;1.2
2021-07-26 11:38:29.180611;932.2744693441124;56.0;19.0;19.81;1.2
2021-07-26 11:53:29.180613;932.0851058822125;55.0;19.0;19.85;1.2
2021-07-26 12:08:29.180615;931.7708406773266;55.0;19.0;19.88;1.2
2021-07-26 12:23:31.708743;931.5450593172106;55.0;19.0;19.93;1.2
2021-07-26 12:38:29.180721;931.1632421912946;58.0;19.0;19.95;1.2
2021-07-26 12:53:29.179246;930.8801068084733;56.0;19.0;20.16;1.2
2021-07-26 13:08:29.179637;930.4502437880418;56.0;20.0;20.32;1.2
2021-07-26 13:23:29.180484;930.272993134464;56.0;20.0;20.47;1.2
2021-07-26 13:38:29.180692;930.008006512074;55.0;20.0;20.36;1.2
2021-07-26 13:53:29.179663;929.8002376185065;54.0;20.0;20.31;1.2
2021-07-26 14:08:29.179198;929.4605484924987;53.0;20.0;20.29;1.2
2021-07-26 14:23:29.179188;929.3656771836363;52.0;20.0;20.29;1.2
2021-07-26 14:38:29.180599;929.056740612251;53.0;20.0;20.29;1.2
2021-07-26 14:53:29.180314;929.0316749162411;52.0;20.0;20.31;1.2
2021-07-26 15:08:29.180530;928.8960660352836;52.0;20.0;20.31;1.2
2021-07-26 15:23:29.180405;928.7901249391059;52.0;20.0;20.35;1.2
2021-07-26 15:38:29.179856;928.6070547275175;51.0;20.0;20.37;1.2
2021-07-26 15:53:29.180491;928.4282677643928;50.0;20.0;20.4;1.2
2021-07-26 16:08:29.179782;928.519462986358;50.0;20.0;20.4;1.2
2021-07-26 16:23:29.180520;928.4262014245286;50.0;20.0;20.43;1.2
2021-07-26 16:38:29.180476;928.4445825671132;49.0;20.0;20.43;1.2
2021-07-26 16:53:29.180700;928.4549802373181;49.0;20.0;20.42;1.2
2021-07-26 17:08:29.179559;928.4401912756466;50.0;20.0;20.45;1.2
2021-07-26 17:23:29.179809;928.4204467842977;49.0;20.0;20.46;1.2
2021-07-26 17:38:29.180453;928.4320790614422;49.0;20.0;20.6;1.2
2021-07-26 17:53:29.180682;928.4991583659496;51.0;20.0;20.74;1.2
2021-07-26 18:08:29.179940;928.4318832383116;52.0;20.0;20.67;1.2
2021-07-26 18:23:29.179763;928.4928339674917;53.0;20.0;20.62;1.2
2021-07-26 18:38:29.180626;928.5777511605937;53.0;20.0;20.61;1.2
2021-07-26 18:53:29.178991;928.7278251892724;54.0;20.0;20.6;1.2
2021-07-26 19:08:29.179077;928.8932503300472;55.0;20.0;20.59;1.2
2021-07-26 19:23:29.180376;928.9031718843861;55.0;20.0;20.87;1.2
2021-07-26 19:38:29.180649;928.9413378739021;56.0;20.0;20.97;1.2
2021-07-26 19:53:29.180292;928.9277697553728;56.0;20.0;20.82;1.2
2021-07-26 20:08:29.180374;929.0759377298532;57.0;20.0;21.01;1.2
2021-07-26 20:23:29.179071;929.1749340831999;57.0;20.0;21.19;1.2
2021-07-26 20:38:29.179863;929.3005082543621;59.0;21.0;21.24;1.2
2021-07-26 20:53:29.180404;929.4731548488479;61.0;21.0;21.22;1.2
2021-07-26 21:08:29.179964;929.5916181592297;61.0;21.0;21.11;1.2
2021-07-26 21:23:29.179784;929.6627787009884;60.0;20.0;21.01;1.2
2021-07-26 21:38:29.177052;929.7123664711155;60.0;20.0;20.96;1.2
2021-07-26 21:53:29.179354;929.6360458538386;60.0;20.0;20.99;1.2
2021-07-26 22:08:29.180704;929.4761232751266;59.0;20.0;21.14;1.2
2021-07-26 22:23:29.180466;929.5470677715633;60.0;20.0;21.31;1.2
2021-07-26 22:38:29.180893;929.7498473343527;60.0;21.0;21.21;1.2
2021-07-26 22:53:29.179878;929.8663020379563;60.0;20.0;21.19;1.2
2021-07-26 23:08:29.180052;929.9349769312392;60.0;20.0;21.15;1.2
2021-07-26 23:23:29.180720;929.9393800334317;59.0;20.0;21.13;1.2
2021-07-26 23:38:29.180772;930.1609803384292;59.0;20.0;21.02;1.2
2021-07-26 23:53:29.179560;930.0750229479875;59.0;20.0;20.82;1.2
