Data;Pressao;Umidade;Temperatura1;Temperatura2;Precipitaçao
2021-07-23 00:07:11.618735;939.7655687683852;71.0;17.0;18.31;0.0
2021-07-23 00:22:11.616892;939.6421172018548;72.0;17.0;18.28;0.0
2021-07-23 00:37:11.616372;939.8095662170307;73.0;17.0;18.26;0.0
2021-07-23 00:52:11.616959;939.7625705128387;73.0;17.0;18.23;0.0
2021-07-23 01:07:11.616718;939.7392287001388;73.0;17.0;18.22;0.0
2021-07-23 01:22:11.616373;939.6131489133351;73.0;17.0;18.19;0.0
2021-07-23 01:37:11.616698;939.6428580907472;73.0;17.0;18.2;0.0
2021-07-23 01:52:11.616900;939.3376081134338;73.0;17.0;18.16;0.0
2021-07-23 02:07:11.616828;939.301288918422;73.0;17.0;18.15;0.0
2021-07-23 02:22:11.617797;939.1088287829637;72.0;17.0;18.13;0.0
2021-07-23 02:37:11.616630;939.0670713410744;73.0;17.0;18.1;0.0
2021-07-23 02:52:11.617692;938.7842728742107;73.0;17.0;18.11;0.0
2021-07-23 03:07:11.618679;938.4804005660872;73.0;17.0;18.11;0.0
2021-07-23 03:22:11.616141;938.402280578513;72.0;17.0;18.09;0.0
2021-07-23 03:37:11.616562;938.393336636854;73.0;17.0;18.09;0.0
2021-07-23 03:52:11.617550;938.3140472319407;73.0;17.0;18.07;0.0
2021-07-23 04:07:11.617581;938.245189685731;73.0;17.0;18.05;0.0
2021-07-23 04:22:11.616313;938.2942571867509;73.0;17.0;18.04;0.0
2021-07-23 04:37:11.616048;938.175056608484;73.0;17.0;18.05;0.0
2021-07-23 04:52:11.616367;938.0957761267015;73.0;17.0;18.03;0.0
2021-07-23 05:07:11.616599;938.0203355862212;73.0;17.0;17.99;0.0
2021-07-23 05:22:11.616523;938.0562104297085;73.0;17.0;17.96;0.0
2021-07-23 05:37:11.616856;938.3391608930407;73.0;17.0;17.97;0.0
2021-07-23 05:52:11.617544;938.5247283569846;73.0;17.0;17.95;0.0
2021-07-23 06:07:11.616817;938.6234537463212;73.0;17.0;17.93;0.0
2021-07-23 06:22:11.617519;938.7830349463651;72.0;17.0;17.91;0.0
2021-07-23 06:37:11.619638;938.8502656215537;73.0;17.0;17.9;0.0
2021-07-23 06:52:11.617200;938.9449252170809;73.0;17.0;17.87;0.0
2021-07-23 07:07:11.616697;939.032957791836;73.0;17.0;17.84;0.0
2021-07-23 07:22:11.616404;939.201695659272;72.0;17.0;17.84;0.0
2021-07-23 07:37:11.619066;939.2923248574895;72.0;17.0;17.79;0.0
2021-07-23 07:52:11.617535;939.5002679452055;72.0;17.0;17.81;0.0
2021-07-23 08:07:11.616717;939.5456920966494;72.0;17.0;17.98;0.0
2021-07-23 08:22:11.616942;939.626387422477;71.0;17.0;18.04;0.0
2021-07-23 08:37:11.617704;939.7484905380683;72.0;17.0;18.01;0.0
2021-07-23 08:52:11.616630;939.6120297053719;72.0;17.0;18.0;0.0
2021-07-23 09:07:11.616310;939.6379508630386;72.0;17.0;18.02;0.0
2021-07-23 09:22:11.616347;939.6540367212127;71.0;17.0;18.08;0.0
2021-07-23 09:37:11.616832;939.769696718677;71.0;17.0;18.11;0.0
2021-07-23 09:52:14.145897;939.8114924359153;71.0;17.0;18.15;0.0
2021-07-23 10:07:11.616539;939.8689041769314;74.0;17.0;18.17;0.0
2021-07-23 10:22:11.616930;939.7833994622786;71.0;17.0;18.21;0.0
2021-07-23 10:37:11.616408;939.8199819160197;70.0;17.0;18.25;0.0
2021-07-23 10:52:11.616180;939.5809054300801;70.0;17.0;18.28;0.0
2021-07-23 11:07:11.615709;939.4293110224619;70.0;17.0;18.31;0.0
2021-07-23 11:22:11.616371;939.2370290135268;69.0;17.0;18.32;0.0
2021-07-23 11:37:11.617689;939.0463371045058;69.0;17.0;18.37;0.0
2021-07-23 11:52:11.616254;938.8618030981614;69.0;17.0;18.38;0.0
2021-07-23 12:07:11.615762;938.6772608567067;70.0;18.0;18.4;0.0
2021-07-23 12:22:11.616558;938.3396692685528;70.0;18.0;18.42;0.0
2021-07-23 12:37:11.616809;938.1437924865465;70.0;18.0;18.5;0.0
2021-07-23 12:47:35.647925;937.9047933485616;69.0;18.0;18.63;0.0
2021-07-23 12:48:02.450096;937.9827673707744;69.0;18.0;18.63;0.0
2021-07-23 13:08:29.139418;937.5577445571223;68.0;18.0;18.85;0.0
2021-07-23 13:09:54.325442;937.5163299506308;67.0;18.0;18.87;0.0
2021-07-23 13:12:23.002752;937.4604894901323;67.0;18.0;18.92;0.0
2021-07-23 13:13:04.446410;937.4084842112825;67.0;18.0;18.92;0.0
2021-07-23 13:13:59.778338;937.4175443627979;67.0;18.0;18.94;0.0
2021-07-23 13:17:51.605424;937.3888081773816;70.0;18.0;18.95;0.0
2021-07-23 13:18:45.486696;937.3799270340552;67.0;18.0;18.98;0.0
2021-07-23 13:19:36.384180;937.3471524212518;67.0;18.0;18.99;0.0
2021-07-23 18:25:26.380517;935.6311945714756;67.0;18.0;19.21;0.0
2021-07-23 18:30:02.181012;935.6478975993409;70.0;19.0;19.28;0.0
2021-07-23 18:33:21.721768;935.6723384996419;70.0;19.0;19.34;0.0
2021-07-23 18:45:25.794797;935.6626571584159;69.0;19.0;19.44;0.0
2021-07-23 18:52:01.674267;935.7651465946998;70.0;19.0;19.5;0.0
2021-07-23 19:07:01.679453;935.7957424064692;70.0;19.0;19.56;0.0
2021-07-23 19:22:01.681921;935.9775474028905;70.0;19.0;19.64;0.0
2021-07-23 19:37:01.681102;936.1645109361122;70.0;19.0;19.49;0.0
2021-07-23 19:52:02.215410;936.2376395913386;72.0;19.0;19.42;0.0
2021-07-23 20:07:01.681027;936.3345785818168;73.0;19.0;19.58;0.0
2021-07-23 20:22:02.215447;936.50343384112;73.0;19.0;19.66;0.0
2021-07-23 20:37:01.682652;936.5632444987267;73.0;19.0;19.66;0.0
2021-07-23 20:37:28.831201;936.6258497316725;75.0;19.0;19.65;0.0
2021-07-23 20:40:54.922086;936.6128335800717;75.0;19.0;19.65;0.0
2021-07-23 20:43:27.330861;936.6596286660127;75.0;19.0;19.66;0.0
2021-07-23 20:45:27.888567;936.5982655214867;74.0;19.0;19.66;0.0
2021-07-23 20:57:34.693993;936.6621055089267;74.0;19.0;19.67;0.0
2021-07-23 21:12:34.699239;936.8554551777235;75.0;19.0;19.53;0.0
2021-07-23 21:27:34.697735;936.9245370947207;75.0;19.0;19.51;0.0
2021-07-23 21:39:20.616746;936.965509281892;76.0;18.0;19.64;0.0
2021-07-23 21:40:23.725153;937.0200567769907;76.0;19.0;19.65;0.0
2021-07-23 21:44:02.340231;937.0020933545586;76.0;19.0;19.71;0.0
2021-07-23 21:45:35.447989;936.9614914232366;76.0;19.0;19.72;0.0
2021-07-23 22:00:35.453688;937.0550975770398;76.0;19.0;19.78;0.0
2021-07-23 22:15:35.453278;937.0743122352496;76.0;19.0;19.81;0.0
2021-07-23 22:30:35.455777;937.1601798481788;76.0;19.0;19.82;0.0
2021-07-23 22:45:35.455253;937.1307304363243;76.0;19.0;19.77;0.0
2021-07-23 22:55:34.637224;937.0913614055283;75.0;19.0;19.81;0.0
2021-07-23 22:58:36.042247;937.0597344963244;75.0;19.0;19.84;0.0
2021-07-23 23:00:27.956576;937.1288656474916;75.0;19.0;19.85;0.0
2021-07-23 23:02:42.433139;937.121116490756;75.0;19.0;19.84;0.0
2021-07-23 23:04:23.065958;937.1000305521047;75.0;19.0;19.86;0.0
2021-07-23 23:19:23.070062;937.0206736151739;75.0;19.0;19.84;0.0
2021-07-23 23:34:23.071896;936.9859740019982;75.0;19.0;19.77;0.0
2021-07-23 23:49:23.606410;936.921195330808;75.0;19.0;19.75;0.0
