Data;Pressao;Umidade;Temperatura1;Temperatura2;Precipitaçao
2021-07-15 00:03:04.392603;931.4014251579964;67.0;19.0;20.38;0.4
2021-07-15 00:13:05.510095;931.3461721221678;68.0;19.0;20.33;0.4
2021-07-15 00:23:06.662251;931.3353249997012;66.0;19.0;20.28;0.4
2021-07-15 00:33:07.789790;931.290447668891;66.0;19.0;20.24;0.4
2021-07-15 00:43:08.942890;931.261237694768;66.0;19.0;20.19;0.4
2021-07-15 00:53:10.086041;931.330628797014;66.0;19.0;20.17;0.4
2021-07-15 01:03:11.229557;931.4385833226562;66.0;19.0;20.1;0.4
2021-07-15 01:13:12.343724;931.5703735127571;66.0;19.0;20.07;0.4
2021-07-15 01:23:13.478897;931.5538961049441;66.0;19.0;20.04;0.4
2021-07-15 01:33:14.622960;931.4606024213451;66.0;19.0;20.01;0.4
2021-07-15 01:43:15.743861;931.3803351324991;66.0;19.0;19.97;0.4
2021-07-15 01:53:16.890969;931.3596125241276;65.0;19.0;19.97;0.4
2021-07-15 02:03:18.042891;931.3000723133165;65.0;19.0;19.94;0.4
2021-07-15 02:13:19.199886;931.3130920010399;66.0;19.0;19.94;0.4
2021-07-15 02:23:20.360312;931.123671301991;65.0;19.0;19.91;0.4
2021-07-15 02:33:21.509746;931.1132801489574;66.0;19.0;19.9;0.4
2021-07-15 02:43:22.669996;931.1305463818821;66.0;19.0;19.87;0.4
2021-07-15 02:53:23.830521;930.9825826761728;65.0;18.0;19.85;0.4
2021-07-15 03:03:24.991053;931.107684025659;65.0;19.0;19.83;0.4
2021-07-15 03:13:26.152539;931.1443509609817;65.0;18.0;19.82;0.4
2021-07-15 03:23:29.829831;931.1443509609817;65.0;18.0;19.82;0.4
2021-07-15 03:33:30.990422;931.1267970747026;67.0;18.0;19.78;0.4
2021-07-15 03:43:32.139606;931.1435101708532;64.0;18.0;19.78;0.4
2021-07-15 03:53:33.300455;931.1884113295132;64.0;18.0;19.75;0.4
2021-07-15 04:03:34.447432;931.1328805898941;64.0;18.0;19.73;0.4
2021-07-15 04:13:35.608989;931.0770438729904;64.0;18.0;19.7;0.4
2021-07-15 04:23:36.750154;931.0316071688517;64.0;18.0;19.69;0.4
2021-07-15 04:33:37.908921;931.0366120312377;64.0;18.0;19.68;0.4
2021-07-15 04:43:39.060286;931.1200097485874;65.0;18.0;19.68;0.4
2021-07-15 04:53:40.208347;931.0620907265101;65.0;18.0;19.64;0.4
2021-07-15 05:03:41.363501;930.9858496815879;65.0;18.0;19.61;0.4
2021-07-15 05:13:42.516918;930.7685606485408;66.0;18.0;19.59;0.4
2021-07-15 05:23:43.666538;930.9289333122886;66.0;18.0;19.56;0.4
2021-07-15 05:33:44.815510;930.8189765232654;66.0;18.0;19.53;0.4
2021-07-15 05:43:45.969402;930.993428377367;66.0;18.0;19.52;0.4
2021-07-15 05:53:47.129691;930.8556183117157;66.0;18.0;19.52;0.4
2021-07-15 06:03:48.278506;931.0913236666087;66.0;18.0;19.49;0.4
2021-07-15 06:13:51.966919;931.159283957312;66.0;18.0;19.47;0.4
2021-07-15 06:23:53.117062;931.2911864846345;69.0;18.0;19.44;0.4
2021-07-15 06:33:54.277237;931.3564244193768;67.0;18.0;19.41;0.4
2021-07-15 06:43:55.434359;931.2812733465446;67.0;18.0;19.4;0.4
2021-07-15 06:53:56.582718;931.3699298309396;67.0;18.0;19.39;0.4
2021-07-15 07:03:57.715860;931.3244947485407;67.0;18.0;19.38;0.4
2021-07-15 07:13:58.876071;931.3389834179484;67.0;18.0;19.35;0.4
2021-07-15 07:24:02.561072;931.5599340272762;67.0;18.0;19.37;0.4
2021-07-15 07:34:03.721781;931.6219040631026;70.0;18.0;19.41;0.4
2021-07-15 07:44:04.872900;931.704594014252;67.0;18.0;19.45;0.4
2021-07-15 07:54:05.962499;931.9050717754147;68.0;18.0;19.65;0.4
2021-07-15 08:04:07.111186;931.8879697990374;69.0;18.0;19.7;0.4
2021-07-15 08:14:08.272163;931.9763641107705;68.0;18.0;19.69;0.4
2021-07-15 08:24:09.414691;932.1378477205175;68.0;18.0;19.69;0.4
2021-07-15 08:34:10.576644;932.3237577101687;68.0;18.0;19.69;0.4
2021-07-15 08:44:11.725352;932.4291269271306;68.0;18.0;19.73;0.4
2021-07-15 08:54:12.876681;932.5012550468568;68.0;18.0;19.78;0.4
2021-07-15 09:04:14.026616;932.5436462396653;68.0;19.0;19.84;0.4
2021-07-15 09:14:15.184089;932.5063134654118;68.0;19.0;19.9;0.4
2021-07-15 09:24:16.330714;932.6089837262532;68.0;19.0;19.93;0.4
2021-07-15 09:34:17.450073;932.517144722285;68.0;19.0;19.98;0.4
2021-07-15 09:44:18.599292;932.5400798055862;68.0;19.0;20.02;0.4
2021-07-15 09:54:19.754065;932.5542016666071;68.0;19.0;20.03;0.4
2021-07-15 10:04:20.906726;932.4683580233851;67.0;19.0;20.03;0.4
2021-07-15 10:14:22.039846;932.4375809066229;66.0;19.0;20.07;0.4
2021-07-15 10:24:23.192800;932.2965058173545;65.0;19.0;20.11;0.4
2021-07-15 10:34:24.319405;932.0052078775211;65.0;19.0;20.09;0.4
2021-07-15 10:44:25.449188;931.893067300161;65.0;19.0;20.18;0.4
2021-07-15 10:54:26.584478;931.7471650995935;65.0;19.0;20.28;0.4
2021-07-15 11:04:27.735388;931.4243391014652;63.0;19.0;20.33;0.4
2021-07-15 11:14:28.889056;931.3980074934484;63.0;19.0;20.36;0.4
2021-07-15 11:24:30.034743;931.3091792987574;63.0;19.0;20.37;0.4
2021-07-15 11:34:31.186215;931.0253594365448;62.0;19.0;20.44;0.4
2021-07-15 11:44:32.337030;930.8997814995112;62.0;19.0;20.46;0.4
2021-07-15 11:54:33.499131;930.6632755613527;62.0;19.0;20.49;0.4
2021-07-15 12:04:34.660280;930.4340398681389;62.0;19.0;20.51;0.4
2021-07-15 12:14:35.818987;930.4303841821635;61.0;19.0;20.58;0.4
2021-07-15 12:24:36.978944;930.2593100545773;60.0;20.0;20.65;0.4
2021-07-15 12:34:38.140216;930.052749455109;59.0;20.0;20.69;0.4
2021-07-15 12:44:39.300970;929.9269463411237;60.0;20.0;20.8;0.4
2021-07-15 12:54:40.458886;929.7393588043846;59.0;20.0;20.84;0.4
2021-07-15 13:04:41.600135;929.4989278950239;58.0;20.0;20.87;0.4
2021-07-15 13:14:42.750836;929.2565628721164;58.0;20.0;20.87;0.4
2021-07-15 13:24:43.911069;929.0402789771432;58.0;20.0;20.86;0.4
2021-07-15 13:34:45.050578;929.1008622303214;58.0;20.0;20.95;0.4
2021-07-15 13:44:46.231148;928.9898122661451;57.0;20.0;20.96;0.4
2021-07-15 13:54:47.371632;928.7695103595565;58.0;20.0;20.96;0.4
2021-07-15 14:04:51.064521;928.7192219482491;57.0;20.0;20.99;0.4
2021-07-15 14:14:52.223865;928.5650459798952;58.0;20.0;21.0;0.4
2021-07-15 14:24:53.385301;928.5254740951541;58.0;20.0;21.02;0.4
2021-07-15 14:34:54.526068;928.4364914068381;57.0;20.0;21.03;0.4
2021-07-15 14:44:55.678715;928.4343464068028;57.0;20.0;21.07;0.4
2021-07-15 14:54:56.814623;928.2710929576116;56.0;20.0;21.08;0.4
2021-07-15 15:04:57.964702;928.2868787030259;57.0;20.0;21.13;0.4
2021-07-15 15:14:59.122955;928.0760179832083;55.0;20.0;21.16;0.4
2021-07-15 15:25:00.282440;928.1637601752356;55.0;20.0;21.2;0.4
2021-07-15 15:35:01.432792;928.0917734135713;55.0;20.0;21.21;0.4
2021-07-15 15:45:02.591060;928.0549305741396;55.0;20.0;21.22;0.4
2021-07-15 15:55:03.750951;928.0683844939606;56.0;20.0;21.26;0.4
2021-07-15 16:05:04.924849;928.0205880514296;55.0;20.0;21.31;0.4
2021-07-15 16:15:06.076687;928.012921225216;54.0;20.0;21.3;0.4
2021-07-15 16:25:07.236348;927.9984817348687;55.0;20.0;21.31;0.4
2021-07-15 16:35:08.398877;928.0529553424483;55.0;20.0;21.32;0.4
2021-07-15 16:45:09.561663;928.0853233548256;55.0;20.0;21.33;0.4
2021-07-15 16:55:13.251299;928.2891879848913;55.0;20.0;21.31;0.4
2021-07-15 17:05:14.411129;928.2999431494392;56.0;20.0;21.3;0.4
2021-07-15 17:15:15.569293;928.4124675977079;55.0;20.0;21.28;0.4
2021-07-15 17:25:16.729483;928.5209949742847;55.0;20.0;21.26;0.4
2021-07-15 17:35:17.891129;928.540194328931;55.0;20.0;21.23;0.4
2021-07-15 17:45:19.046609;928.6436390191909;56.0;20.0;21.22;0.4
2021-07-15 17:55:20.198832;928.7116268131808;57.0;20.0;21.2;0.4
2021-07-15 18:05:21.360734;928.6922907861609;57.0;20.0;21.19;0.4
2021-07-15 18:15:22.511220;928.96928531655;57.0;20.0;21.17;0.4
2021-07-15 18:25:23.670592;929.0098356024689;58.0;20.0;21.3;0.4
2021-07-15 18:35:24.820193;929.0750693536642;58.0;20.0;21.3;0.4
2021-07-15 18:45:25.964527;929.1043752080254;59.0;20.0;21.26;0.4
2021-07-15 18:55:29.644460;929.2483261281451;59.0;20.0;21.24;0.4
2021-07-15 19:05:30.769610;929.3580579853868;61.0;20.0;21.23;0.4
2021-07-15 19:15:31.897080;929.4463212337323;60.0;20.0;21.24;0.4
2021-07-15 19:25:35.556399;929.5132309008717;60.0;20.0;21.24;0.4
2021-07-15 19:35:39.245943;929.5055516783827;60.0;20.0;21.23;0.4
2021-07-15 19:45:40.411974;929.5898255098099;61.0;20.0;21.24;0.4
2021-07-15 19:55:41.575737;929.5430084338517;60.0;20.0;21.24;0.4
2021-07-15 20:05:42.738358;929.582145721351;61.0;20.0;21.24;0.4
2021-07-15 20:15:43.893997;929.6136029903105;61.0;20.0;21.24;0.4
2021-07-15 20:25:45.055439;929.6657857760762;61.0;20.0;21.24;0.4
2021-07-15 20:35:46.217100;929.5423704748325;61.0;20.0;21.4;0.4
2021-07-15 20:45:47.378477;929.6271639232589;61.0;20.0;21.52;0.4
2021-07-15 20:55:48.537806;929.5377928911656;62.0;20.0;21.59;0.4
2021-07-15 21:05:49.693707;929.6760019273756;63.0;21.0;21.6;0.4
2021-07-15 21:15:50.836244;929.7664507127524;62.0;20.0;21.58;0.4
2021-07-15 21:25:54.492301;929.7222107032912;63.0;20.0;21.52;0.4
2021-07-15 21:35:55.615610;929.6887070636952;64.0;20.0;21.45;0.4
2021-07-15 21:45:56.760116;929.5962507241871;63.0;20.0;21.39;0.4
2021-07-15 21:55:57.911817;929.624834746422;63.0;20.0;21.44;0.4
2021-07-15 22:05:59.054866;929.6472744294706;64.0;20.0;21.65;0.4
2021-07-15 22:16:00.180793;929.6799945999384;62.0;20.0;21.6;0.4
2021-07-15 22:26:01.320207;929.6956530358227;63.0;20.0;21.54;0.4
2021-07-15 22:36:02.449263;929.6285442487444;63.0;20.0;21.51;0.4
2021-07-15 22:46:03.600401;929.5397839347842;63.0;20.0;21.45;0.4
2021-07-15 22:56:04.744230;929.4613187116828;63.0;20.0;21.41;0.4
2021-07-15 23:06:05.881222;929.4084730506723;63.0;20.0;21.33;0.4
2021-07-15 23:16:07.010068;929.4862001704521;64.0;20.0;21.22;0.4
2021-07-15 23:26:08.135135;929.4743246518915;64.0;20.0;21.17;0.4
2021-07-15 23:36:09.198949;929.4693880913453;64.0;20.0;21.15;0.4
2021-07-15 23:46:10.350768;929.5751092579271;63.0;20.0;21.14;0.4
2021-07-15 23:56:11.478730;929.6349652362011;64.0;20.0;21.15;0.4
