Data;Pressao;Umidade;Temperatura1;Temperatura2;Precipitaçao
2021-08-01 00:12:38.648695;940.6808632530248;70.0;16.0;16.8;0.2
2021-08-01 00:27:38.647608;940.6004748195718;70.0;16.0;16.79;0.2
2021-08-01 00:42:38.647920;940.5326298647087;69.0;16.0;16.75;0.2
2021-08-01 00:57:38.648780;940.4112342422764;70.0;16.0;16.91;0.6000000000000001
2021-08-01 01:12:38.648024;940.4883751361122;69.0;16.0;16.97;0.6000000000000001
2021-08-01 01:27:38.649842;940.4012961723223;68.0;16.0;16.95;0.6000000000000001
2021-08-01 01:42:38.650561;940.2528148251398;68.0;16.0;16.98;0.6000000000000001
2021-08-01 01:57:38.648709;940.1380945702228;68.0;16.0;17.05;0.6000000000000001
2021-08-01 02:12:38.648730;939.9856027717173;68.0;16.0;16.85;0.6000000000000001
2021-08-01 02:27:38.651089;939.9340217533568;69.0;16.0;16.77;0.6000000000000001
2021-08-01 02:42:38.648581;939.9316274324373;69.0;16.0;16.68;0.6000000000000001
2021-08-01 02:57:38.648477;939.7326622739419;68.0;16.0;16.6;0.6000000000000001
2021-08-01 03:12:38.648238;939.8218274010968;69.0;16.0;16.58;0.6000000000000001
2021-08-01 03:27:38.648774;939.8187898432076;69.0;16.0;16.55;0.6000000000000001
2021-08-01 03:42:38.648578;939.6732669440152;69.0;16.0;16.52;0.6000000000000001
2021-08-01 03:57:38.648569;939.557304253991;69.0;16.0;16.46;0.6000000000000001
2021-08-01 04:12:38.648672;939.1617731559749;69.0;16.0;24.52;0.6000000000000001
2021-08-01 04:27:38.648606;939.7266789035613;69.0;16.0;16.43;0.6000000000000001
2021-08-01 04:42:38.648615;939.7510546128357;69.0;16.0;16.41;0.6000000000000001
2021-08-01 04:57:38.650827;940.034313138958;69.0;16.0;16.37;0.6000000000000001
2021-08-01 05:12:38.648672;940.0769045263492;69.0;16.0;16.37;0.6000000000000001
2021-08-01 05:27:38.648654;940.2401011187676;69.0;16.0;16.38;0.6000000000000001
2021-08-01 05:42:38.648729;940.3794585877977;69.0;16.0;16.34;0.6000000000000001
2021-08-01 05:57:38.648643;940.4830549595946;69.0;16.0;16.34;0.6000000000000001
2021-08-01 06:12:38.648603;940.5528058148043;69.0;16.0;16.31;0.6000000000000001
2021-08-01 06:27:38.648564;940.7314400467752;69.0;16.0;16.3;0.6000000000000001
2021-08-01 06:42:38.649903;940.9863612936916;69.0;16.0;16.3;0.6000000000000001
2021-08-01 06:57:38.646941;941.2852735545041;69.0;16.0;16.29;0.6000000000000001
2021-08-01 07:12:38.647939;941.3587248114164;69.0;16.0;16.27;0.6000000000000001
2021-08-01 07:27:38.650802;941.5062988006035;69.0;16.0;16.26;0.6000000000000001
2021-08-01 07:42:38.647251;941.649810808405;69.0;16.0;16.25;0.6000000000000001
2021-08-01 07:57:38.648482;941.7275005415748;69.0;16.0;16.25;0.6000000000000001
2021-08-01 08:12:38.648539;941.7067433807999;69.0;16.0;16.25;0.6000000000000001
2021-08-01 08:27:38.648704;942.0315249234386;69.0;16.0;16.24;0.6000000000000001
2021-08-01 08:42:38.648270;942.1655988856254;69.0;16.0;16.27;0.6000000000000001
2021-08-01 08:57:38.648505;942.3662612642647;69.0;16.0;16.28;0.6000000000000001
2021-08-01 09:12:38.650646;942.284816089197;70.0;16.0;16.28;0.6000000000000001
2021-08-01 09:27:38.647636;942.3651891985194;69.0;16.0;16.29;0.6000000000000001
2021-08-01 09:42:38.648629;942.388943579892;69.0;16.0;16.3;0.6000000000000001
2021-08-01 09:57:38.650756;942.3435730674718;69.0;16.0;16.31;0.6000000000000001
2021-08-01 10:12:38.648599;942.3119901130551;69.0;16.0;16.35;0.6000000000000001
2021-08-01 10:27:38.647822;942.2069969811771;69.0;16.0;16.36;0.6000000000000001
2021-08-01 10:42:38.648624;941.8796779227803;69.0;16.0;16.38;0.6000000000000001
2021-08-01 10:57:38.648638;941.5994902997202;69.0;16.0;16.43;0.6000000000000001
2021-08-01 11:12:38.648026;941.3301796790665;69.0;16.0;16.6;0.6000000000000001
2021-08-01 11:27:38.648684;941.007360643574;69.0;16.0;16.78;0.6000000000000001
2021-08-01 11:42:38.650727;940.614874211192;69.0;16.0;16.91;0.6000000000000001
2021-08-01 11:57:38.648674;940.2889342063418;69.0;16.0;16.87;0.6000000000000001
2021-08-01 12:12:38.648723;940.2115662195216;70.0;16.0;16.89;0.6000000000000001
2021-08-01 12:27:38.650148;940.1229935714069;69.0;16.0;16.85;0.6000000000000001
2021-08-01 12:42:38.648585;939.8134553841762;68.0;16.0;16.87;0.6000000000000001
2021-08-01 12:57:38.648690;939.4557951736472;68.0;16.0;17.0;0.6000000000000001
2021-08-01 13:12:38.648682;939.0389512977756;69.0;16.0;17.19;0.6000000000000001
2021-08-01 13:27:38.648670;939.2289216734263;70.0;16.0;17.27;0.6000000000000001
2021-08-01 13:42:38.647980;939.1647095650293;70.0;17.0;17.34;0.6000000000000001
2021-08-01 13:57:38.648684;939.1540232899686;70.0;17.0;17.33;0.6000000000000001
2021-08-01 14:12:38.650943;938.9442155000157;69.0;17.0;17.37;0.6000000000000001
2021-08-01 14:27:38.648672;938.7853728199615;69.0;17.0;17.46;0.6000000000000001
2021-08-01 14:42:38.648870;938.5847195978084;70.0;17.0;17.5;0.6000000000000001
2021-08-01 14:57:38.651028;938.6632067568977;69.0;17.0;17.39;0.6000000000000001
2021-08-01 15:12:38.648560;938.6952203272693;69.0;17.0;17.33;0.6000000000000001
2021-08-01 15:27:38.648306;938.8427726311348;70.0;17.0;17.3;0.6000000000000001
2021-08-01 15:42:38.648356;938.846499064656;70.0;17.0;17.46;0.6000000000000001
2021-08-01 15:57:38.648410;939.0197351223628;71.0;17.0;17.41;0.6000000000000001
2021-08-01 16:12:38.647937;938.7496842716328;70.0;17.0;17.34;0.6000000000000001
2021-08-01 16:27:38.648497;938.786281129263;71.0;17.0;17.38;0.6000000000000001
2021-08-01 16:42:38.647813;938.9006832360662;70.0;17.0;17.45;0.6000000000000001
2021-08-01 16:57:38.647744;939.056021942229;72.0;17.0;17.58;0.6000000000000001
2021-08-01 17:12:38.648763;939.3241569219703;73.0;17.0;17.52;0.6000000000000001
2021-08-01 17:27:38.650771;939.2500772758956;73.0;17.0;17.48;0.6000000000000001
2021-08-01 17:42:38.648653;939.3391294768398;72.0;17.0;17.44;0.6000000000000001
2021-08-01 17:57:38.647815;939.4584675867766;72.0;17.0;17.42;0.6000000000000001
2021-08-01 18:12:38.647696;939.5552738944169;72.0;17.0;17.38;0.6000000000000001
2021-08-01 18:27:38.648524;939.5278731119505;72.0;17.0;17.37;0.6000000000000001
2021-08-01 18:42:38.647873;939.6304985717039;73.0;17.0;17.38;0.6000000000000001
2021-08-01 18:57:38.648570;939.6679461779249;73.0;17.0;17.36;0.6000000000000001
2021-08-01 19:12:38.650630;939.8998444508993;72.0;17.0;17.47;0.6000000000000001
2021-08-01 19:27:38.647866;939.9551223371308;75.0;17.0;17.42;0.6000000000000001
2021-08-01 19:42:38.647861;940.0251644363385;74.0;17.0;17.42;0.6000000000000001
2021-08-01 19:57:38.650964;940.0173765252011;75.0;17.0;17.41;0.6000000000000001
2021-08-01 20:12:38.648514;940.0032708920979;74.0;17.0;17.42;0.6000000000000001
2021-08-01 20:27:38.647990;939.9392130887411;75.0;17.0;17.39;0.6000000000000001
2021-08-01 20:42:38.648557;939.9573673642375;74.0;17.0;17.38;0.6000000000000001
2021-08-01 20:57:38.648600;939.888775406444;74.0;17.0;17.38;0.6000000000000001
2021-08-01 21:12:38.648721;939.9199003764808;73.0;17.0;17.38;0.6000000000000001
2021-08-01 21:27:38.648583;940.0207487131801;74.0;17.0;17.37;0.6000000000000001
2021-08-01 21:42:38.650468;939.9673940841408;73.0;17.0;17.35;0.6000000000000001
2021-08-01 21:57:38.648666;939.9651285343855;73.0;17.0;17.37;0.6000000000000001
2021-08-01 22:12:38.647346;939.9258784940522;73.0;17.0;17.34;0.6000000000000001
2021-08-01 22:27:38.650830;939.736845764214;73.0;17.0;17.36;0.6000000000000001
2021-08-01 22:42:38.648425;939.683517131206;74.0;17.0;17.37;0.6000000000000001
2021-08-01 22:57:38.648561;939.8094835798192;74.0;17.0;17.37;0.6000000000000001
2021-08-01 23:12:38.647876;939.5123046601642;74.0;17.0;17.36;0.6000000000000001
2021-08-01 23:27:38.648612;939.517490471986;73.0;17.0;17.35;0.6000000000000001
2021-08-01 23:42:38.647896;939.3074345607429;74.0;17.0;17.55;0.6000000000000001
2021-08-01 23:57:38.648725;939.3166733649049;73.0;17.0;17.54;0.6000000000000001
