Data;Pressao;Umidade;Temperatura1;Temperatura2;Precipitaçao
2021-08-05 00:12:38.650084;940.936989667912;73.0;17.0;17.66;1.9999999999999998
2021-08-05 00:27:38.648620;940.7839820012441;73.0;17.0;17.98;1.9999999999999998
2021-08-05 00:42:38.649628;940.6100479381242;72.0;17.0;18.11;1.9999999999999998
2021-08-05 00:57:38.648678;940.5175685782233;72.0;17.0;18.3;1.9999999999999998
2021-08-05 01:12:38.648908;940.432542766761;72.0;18.0;18.42;1.9999999999999998
2021-08-05 01:27:38.648843;940.3148895401325;71.0;18.0;18.5;1.9999999999999998
2021-08-05 01:42:38.648671;940.1797387026393;71.0;18.0;18.5;1.9999999999999998
2021-08-05 01:57:38.648691;940.074072512007;72.0;18.0;18.18;1.9999999999999998
2021-08-05 02:12:38.650925;940.0303649896291;72.0;17.0;18.03;1.9999999999999998
2021-08-05 02:27:38.648751;940.0061381294915;73.0;17.0;17.97;1.9999999999999998
2021-08-05 02:42:38.649978;940.081179779395;73.0;17.0;17.91;1.9999999999999998
2021-08-05 02:57:41.176918;939.988283494427;74.0;17.0;17.84;1.9999999999999998
2021-08-05 03:12:38.649536;939.797358556893;77.0;17.0;17.8;1.9999999999999998
2021-08-05 03:27:38.648696;939.6479538307838;74.0;17.0;17.78;1.9999999999999998
2021-08-05 03:42:38.648780;939.504902745566;74.0;17.0;17.76;1.9999999999999998
2021-08-05 03:57:38.647951;939.6162433564133;74.0;17.0;17.72;1.9999999999999998
2021-08-05 04:12:38.648742;939.4345832299377;74.0;17.0;17.69;1.9999999999999998
2021-08-05 04:27:38.648831;939.400536876647;74.0;17.0;17.69;1.9999999999999998
2021-08-05 04:42:38.651055;939.2863579487689;74.0;17.0;17.67;1.9999999999999998
2021-08-05 04:57:38.648706;939.5225231643774;74.0;17.0;17.68;1.9999999999999998
2021-08-05 05:12:38.647797;939.4513173184965;75.0;17.0;17.67;1.9999999999999998
2021-08-05 05:27:38.648743;939.4977359468975;74.0;17.0;17.65;1.9999999999999998
2021-08-05 05:42:38.648078;939.7379464255847;74.0;17.0;17.66;1.9999999999999998
2021-08-05 05:57:38.648665;939.9040465816222;74.0;17.0;17.65;1.9999999999999998
2021-08-05 06:12:38.647982;939.9830461404406;74.0;17.0;17.64;1.9999999999999998
2021-08-05 06:27:38.648549;940.2852246445176;74.0;17.0;17.62;1.9999999999999998
2021-08-05 06:42:38.648074;940.2670613736941;74.0;17.0;17.63;1.9999999999999998
2021-08-05 06:57:38.647949;940.5729629018734;74.0;17.0;17.61;1.9999999999999998
2021-08-05 07:12:38.647940;940.7705206327832;74.0;17.0;17.62;1.9999999999999998
2021-08-05 07:27:38.648902;940.8843820864086;74.0;17.0;17.61;1.9999999999999998
2021-08-05 07:42:38.650890;941.0285565444609;74.0;17.0;17.6;1.9999999999999998
2021-08-05 07:57:38.648710;941.2955844787398;74.0;17.0;17.84;1.9999999999999998
2021-08-05 08:12:38.648605;941.4276326104778;74.0;17.0;17.96;1.9999999999999998
2021-08-05 08:27:38.648613;941.4624970448888;74.0;17.0;17.8;1.9999999999999998
2021-08-05 08:42:38.647817;941.5477629832756;75.0;17.0;17.76;1.9999999999999998
2021-08-05 08:57:38.648712;941.5696115973458;75.0;17.0;17.73;1.9999999999999998
2021-08-05 09:12:38.648546;941.8800455919331;75.0;17.0;17.76;1.9999999999999998
2021-08-05 09:27:38.648629;942.0571510752925;75.0;17.0;18.18;1.9999999999999998
2021-08-05 09:42:38.648736;942.1397674325464;75.0;18.0;18.39;1.9999999999999998
2021-08-05 09:57:38.648734;942.1553649856706;75.0;18.0;18.4;1.9999999999999998
2021-08-05 10:12:38.648794;942.1825384726832;75.0;18.0;18.23;1.9999999999999998
2021-08-05 10:27:38.648890;942.0274310821336;75.0;17.0;18.18;1.9999999999999998
2021-08-05 10:42:38.648819;941.6983208920283;75.0;17.0;18.13;1.9999999999999998
2021-08-05 10:57:38.648032;941.5387363346302;75.0;17.0;18.12;1.9999999999999998
2021-08-05 11:12:38.647937;941.5072423655249;74.0;17.0;18.1;1.9999999999999998
2021-08-05 11:27:38.648400;941.1580693420161;74.0;17.0;18.12;1.9999999999999998
2021-08-05 11:42:41.175701;940.9269122678502;74.0;17.0;18.11;1.9999999999999998
2021-08-05 11:57:38.650212;940.7725117766247;77.0;17.0;18.15;1.9999999999999998
2021-08-05 12:12:38.649774;940.3944444718768;75.0;18.0;18.56;1.9999999999999998
2021-08-05 12:27:38.648713;940.192942542351;73.0;18.0;18.83;1.9999999999999998
2021-08-05 12:42:38.648778;940.04402071165;73.0;18.0;18.94;1.9999999999999998
2021-08-05 12:57:38.647949;939.6387578366754;72.0;18.0;18.77;1.9999999999999998
2021-08-05 13:12:38.648669;939.4589998043928;73.0;18.0;18.59;1.9999999999999998
2021-08-05 13:27:38.648033;939.28199169925;74.0;18.0;18.51;1.9999999999999998
2021-08-05 13:42:38.648817;939.0697604964829;73.0;18.0;18.43;1.9999999999999998
2021-08-05 13:57:38.648670;939.0176951227579;73.0;18.0;18.38;1.9999999999999998
2021-08-05 14:12:38.648557;938.9191868374319;72.0;18.0;18.4;1.9999999999999998
2021-08-05 14:27:38.648456;938.9215398952412;72.0;18.0;18.39;1.9999999999999998
2021-08-05 14:42:38.648505;938.7800121803349;72.0;18.0;18.41;1.9999999999999998
2021-08-05 14:57:38.648372;938.8440603960556;72.0;18.0;18.49;1.9999999999999998
2021-08-05 15:12:38.647964;938.8596037560333;73.0;18.0;18.5;1.9999999999999998
2021-08-05 15:27:38.648324;939.0027944542618;75.0;18.0;18.57;1.9999999999999998
2021-08-05 15:42:38.648299;938.9973831836209;76.0;18.0;18.55;1.9999999999999998
2021-08-05 15:57:38.647896;939.1482108660447;76.0;18.0;18.53;1.9999999999999998
2021-08-05 16:12:38.648651;939.2415232362929;77.0;18.0;18.52;1.9999999999999998
2021-08-05 16:27:38.647750;938.9507489099203;77.0;18.0;18.52;1.9999999999999998
2021-08-05 16:42:38.648799;939.1610057570813;77.0;18.0;18.51;1.9999999999999998
2021-08-05 16:57:38.648639;939.3416350353187;77.0;18.0;18.46;1.9999999999999998
2021-08-05 17:12:38.648665;939.5840933120002;77.0;18.0;18.39;1.9999999999999998
2021-08-05 17:27:38.650681;939.646327919243;77.0;18.0;18.33;1.9999999999999998
2021-08-05 17:42:38.647569;939.8135486479514;78.0;18.0;18.29;1.9999999999999998
2021-08-05 17:57:38.650863;940.0742897452787;79.0;18.0;18.23;1.9999999999999998
2021-08-05 18:12:38.647808;940.143057059238;79.0;17.0;18.18;1.9999999999999998
2021-08-05 18:27:38.648735;940.2077216094602;79.0;17.0;18.16;1.9999999999999998
2021-08-05 18:42:38.647356;940.2409572470619;78.0;17.0;18.09;1.9999999999999998
2021-08-05 18:57:38.647324;940.5840756841274;80.0;17.0;18.11;1.9999999999999998
2021-08-05 19:12:38.648593;940.6917034905226;80.0;17.0;18.11;1.9999999999999998
2021-08-05 19:27:38.647584;940.868014736179;80.0;17.0;18.07;1.9999999999999998
2021-08-05 19:42:38.648714;940.9010483013373;81.0;17.0;18.51;1.9999999999999998
2021-08-05 19:57:38.649993;940.9744763682922;80.0;18.0;19.12;2.6
2021-08-05 20:12:38.647782;941.091274329086;75.0;18.0;19.02;2.8000000000000003
2021-08-05 20:27:38.651061;940.750811229793;78.0;18.0;18.84;3.0000000000000004
